toulouse
0
100
29053 1263
34342 6806
24215 42
37235 20431
2661 11977
19925 25928
11855 10731
1510 11687
3412 12928
19769 28692
33334 20833
17482 26400
22723 3242
17122 10954
3119 32017
30009 25902
29008 39324
1243 32163
33945 17402
19571 39786
9198 17814
29335 22661
1052 13047
23038 23537
10215 5831
10324 22606
33215 32887
2655 5775
4561 34460
3247 6313
11393 9013
17636 32683
35704 7231
6670 11177
4184 32137
16745 18265
10838 1785
4085 4022
29899 24166
33154 32478
24006 25977
25280 35731
18226 2100
25562 35571
8572 277
32498 2872
5175 6376
37993 35904
1525 29604
39370 13687
11806 2988
13178 6684
30609 17634
21691 15512
28967 27550
9624 20573
24131 4535
11978 26227
16764 8366
8308 11889
37233 22899
10741 6029
31313 9652
33130 30221
1633 26564
3450 4555
32218 15058
20876 7734
33594 32451
9279 22642
14164 12423
36805 16605
7493 7737
17900 36068
13944 1349
38905 10179
3218 30630
24145 12318
25243 7984
2443 21485
16232 9154
20076 20456
3069 18970
8687 36550
32726 20948
12007 12707
15407 33414
21674 28215
28381 13493
5205 24090
28517 26364
14102 35210
27086 26250
485 30611
5486 25048
34507 8329
23575 38329
25292 8891
23592 5827
15440 9161
