7867.2554 6356 221
8905.601 5789 142
2624.396 396 149
7324.6094 2323 127
9735.333 8101 137
6182.011 4884 128
6203.3633 1424 143
6417.565 3444 123
3891.031 1083 122
1072.4093 38099 168
7547.1055 3072 150
3040.1013 592 120
1277.9724 523 120
4025.5447 1803 122
7260.307 4520 123
2396.6348 989 125
6499.3887 6067 128
5625.651 2430 126
5264.875 2110 144
7046.3984 2535 119
4126.955 997 119
3053.3167 1112 118
5986.633 802 119
7421.107 3262 121
5458.481 2891 119
759.23035 53 120
9552.248 6475 144
2068.7134 558 118
8987.048 7100 121
2962.0786 916 96
7715.6523 4056 99
6748.0347 3424 97
13299.02 12888 102
8638.867 6856 100
4636.9033 1631 98
3932.1853 1679 102
3956.2449 863 102
2205.2148 493 102
11641.499 10644 109
4859.824 1389 102
7373.5522 5114 107
7307.9023 4336 105
3217.2688 1080 215
7872.8105 5620 99
4615.864 1191 98
6582.095 2559 99
3199.168 445 96
10621.6 8419 100
2418.289 282 100
4900.615 2100 96
11350.38 7108 100
3408.3577 741 96
7857.825 3580 97
4417.657 1621 96
11045.7295 5940 101
4468.1235 2012 96
925.5468 80 95
6842.5303 3861 97
7411.5337 2110 109
13541.8 12477 103
4956.2153 2078 96
2648.7158 527 98
7622.923 2707 99
7843.8003 4537 97
5431.315 4711 100
5904.21 1940 96
6310.3457 1346 96
2858.1785 38049 114
2558.6726 553 96
5331.518 3449 98
7954.0386 6214 99
7126.7983 4934 99
9755.119 7467 100
8195.265 5954 98
5468.2007 4553 99
5875.4536 1964 102
7595.9976 2566 96
13873.216 10490 106
9822.959 5991 104
5348.019 1369 102
14213.505 16605 110
8260.266 3785 103
6471.6426 4867 103
3453.9365 782 123
5542.636 2660 97
12228.833 10912 103
12658.131 11465 101
8072.341 5387 98
8664.836 6481 100
6912.256 6272 100
6432.143 3772 99
2273.79 167 97
7450.7314 4767 98
6454.9326 5636 100
5054.584 2394 98
7883.9106 4849 99
5688.333 1533 101
8898.774 4623 98
7507.3057 3498 99
7089.2437 5145 100
